"","V1","V2","V3","V4","V5","V6","V7","V8"
"1",1.61545165705755,0.612753480868115,0.283590578172892,0.283092885370815,0.150904935040457,0.150904935040659,0.102052754246444,0.102146609145955
"2",0.612753480868115,1.61006713364147,0.282347300432393,0.281851789544773,0.15024335894764,0.150243358947841,0.101605348981683,0.101698792415806
"3",0.283590578172892,0.282347300432393,1.65230305661111,0.65115828467214,0.137516371347835,0.137516371348019,0.131939714078015,0.132061055130471
"4",0.283092885370815,0.281851789544773,0.65115828467214,1.65001552177296,0.137275034316723,0.137275034316907,0.131708163910066,0.131829292012682
"5",0.150904935040457,0.15024335894764,0.137516371347835,0.137275034316723,1.89913140048546,0.899131400486666,0.493366219809171,0.493819954128487
"6",0.150904935040659,0.150243358947841,0.137516371348019,0.137275034316907,0.899131400486666,1.89913140048787,0.493366219809833,0.49381995412915
"7",0.102052754246444,0.101605348981683,0.131939714078015,0.131708163910066,0.493366219809171,0.493366219809833,1.64990530660216,0.650503005289408
"8",0.102146609145955,0.101698792415806,0.132061055130471,0.131829292012682,0.493819954128487,0.49381995412915,0.650503005289408,1.65110125366246
